14
15
20
15
2
20
6
18
15
2
3
13
2
17
13
11
3
3
20
18
15
14
16
7
12
5
11
4
12
13
18
18
20
9
12
1
8
17
11
2
11
13
6
12
10
18
2
4
12
13
1
7
19
8
5
10
13
15
5
16
20
2
13
19
10
17
11
17
5
1
10
15
6
15
7
7
4
20
10
16
13
2
14
11
10
10
12
14
5
16
9
16
18
14
14
19
10
16
16
14
9
17
1
14
4
7
12
19
18
1
6
2
2
11
4
11
1
15
16
5
3
5
20
20
10
5
10
19
12
17
4
20
14
4
5
17
2
16
7
12
8
13
13
10
3
9
12
3
15
8
19
17
4
18
8
13
14
18
3
6
14
18
17
19
2
14
7
15
1
14
6
9
6
11
10
20
19
1
3
5
20
1
2
3
11
1
7
4
10
1
9
4
19
18
14
12
11
1
6
11
14
12
19
11
2
8
10
12
1
4
16
20
5
9
15
7
10
13
10
11
14
11
14
4
8
20
15
10
20
12
20
5
3
11
7
16
10
16
7
2
12
15
14
8
3
8
14
4
20
3
15
5
5
20
20
4
19
14
13
10
6
5
14
20
15
20
16
16
8
14
10
11
8
3
18
3
10
11
6
1
5
12
18
10
4
17
13
2
3
6
4
20
2
9
19
8
1
6
3
8
20
12
10
7
14
7
9
15
17
7
8
13
18
5
2
1
1
7
15
15
4
18
14
5
18
13
12
18
10
6
17
9
10
6
16
3
12
16
10
20
2
17
13
12
1
6
4
13
12
10
8
7
19
13
11
17
5
14
14
7
20
11
15
9
16
2
3
20
18
4
19
11
20
3
14
12
9
18
5
12
7
4
19
6
16
1
2
13
7
15
19
6
17
13
6
13
7
20
12
4
4
2
6
3
17
20
15
5
17
11
8
15
14
18
20
1
11
13
13
17
20
11
14
16
16
19
8
2
18
11
17
1
5
2
4
1
13
10
17
1
20
4
16
5
14
7
5
4
12
10
12
11
20
5
6
7
3
6
20
12
8
8
5
12
2
20
12
14
9
8
15
20
4
2
4
9
8
20
4
19
9
15
1
1
19
7
19
13
4
19
16
11
6
20
3
7
19
6
13
19
14
7
18
9
8
13
17
7
13
20
18
1
14
18
13
4
16
12
8
19
10
15
2
7
15
4
6
5
9
18
4
14
16
1
2
15
6
18
1
18
9
10
10
14
20
15
17
15
6
16
6
7
11
7
13
17
10
10
13
10
7
16
16
14
9
17
8
14
7
1
3
7
10
4
1
9
18
17
16
3
5
1
1
7
19
6
15
20
15
7
9
14
3
4
7
3
13
15
8
11
15
10
17
16
5
17
5
3
6
12
17
2
4
18
8
2
3
2
1
9
20
1
2
14
5
9
16
9
3
3
11
17
4
7
12
1
16
8
15
13
11
11
14
14
20
1
15
14
14
15
3
5
16
4
19
12
12
14
12
6
9
2
14
4
20
18
16
15
5
10
7
8
13
12
1
12
4
8
18
17
14
20
2
1
15
12
12
19
17
15
4
5
8
18
1
8
15
16
14
11
18
13
10
10
4
11
13
8
10
10
16
3
1
9
4
16
20
7
6
17
14
1
13
1
18
5
8
4
1
2
7
18
6
8
19
9
10
11
8
19
1
4
2
1
4
17
8
4
3
13
12
16
14
4
9
3
9
16
19
1
9
17
10
14
4
8
15
14
18
2
4
10
17
5
3
1
13
10
16
8
15
7
15
20
2
3
14
2
19
12
14
19
20
3
5
16
2
11
1
12
4
4
1
1
1
3
13
13
5
8
20
19
6
15
18
19
17
11
1
7
15
14
18
6
9
2
1
10
4
1
13
7
5
14
19
17
8
11
9
12
10
9
2
7
15
19
6
11
2
6
10
8
11
7
13
19
20
6
1
3
18
13
9
2
18
8
10
18
10
19
9
20
19
11
6
13
1
3
15
14
8
4
1
11
2
6
9
1
11
1
15
8
6
4
2
15
3
11
12
4
1
1
15
19
3
13
11
3
15
6
9
15
1
9
5
3
6
5
3
8
6
18
16
3
13
9
17
7
11
1
10
12
13
17
10
15
9
13
9
3
18
9
17
18
18
1
20
15
6
15
3
3
4
10
17
16
18
5
14
20
5
15
11
17
11
13
3
19
5
4
2
2
12
10
11
1
11
3
16
8
17
10
2
20
19
18
7
16
2
12
15
19
6
18
7
17
10
2
15
14
