14
17
28
26
24
26
17
13
10
2
3
8
21
20
24
17
1
7
23
17
12
9
28
10
3
21
3
14
8
26
30
13
13
19
30
28
14
17
2
23
10
4
22
30
15
8
9
15
6
1
24
17
2
21
27
4
3
21
17
2
16
16
15
28
27
6
17
10
14
18
25
16
13
16
15
28
15
15
4
21
8
19
7
9
9
25
4
12
15
20
13
1
27
19
20
23
17
7
25
30
16
11
15
29
18
22
18
3
28
13
23
27
2
21
27
2
16
30
5
30
11
10
22
8
28
12
22
6
10
8
28
17
18
4
7
6
17
24
30
15
29
22
3
30
4
30
1
19
29
6
11
10
7
24
9
26
27
22
2
6
30
29
15
9
2
21
14
11
15
5
25
5
18
27
4
22
18
26
10
17
23
12
18
29
6
18
25
2
9
26
30
8
16
14
9
9
4
22
19
10
27
5
14
14
24
9
27
11
5
29
19
19
10
28
18
7
15
4
1
24
21
30
23
6
5
1
6
30
15
17
10
3
13
15
8
28
16
5
9
12
3
19
30
4
17
9
11
23
12
11
16
2
2
1
29
6
1
27
5
7
13
6
9
17
13
9
15
28
13
15
1
7
3
30
10
11
9
12
4
12
22
11
14
15
11
4
20
12
30
17
10
4
14
19
21
26
27
27
15
1
11
15
7
13
7
8
16
7
20
19
18
3
29
23
10
10
27
21
13
18
7
22
14
13
2
26
30
20
22
15
20
2
21
18
6
19
18
21
25
29
1
5
23
30
27
2
1
15
23
13
3
21
26
16
3
20
11
3
9
24
9
21
25
21
30
22
10
17
13
26
15
5
30
30
4
27
1
26
11
23
30
5
14
26
12
8
15
14
2
15
7
10
5
23
23
27
15
2
13
19
19
20
23
19
19
19
7
19
14
9
4
14
14
9
1
25
8
7
9
10
21
7
19
18
30
11
14
14
4
18
24
23
7
16
3
17
26
9
28
10
17
1
15
22
1
15
9
8
21
9
17
3
15
28
20
14
30
3
19
4
21
12
18
19
20
12
6
15
20
3
16
28
25
30
20
25
6
20
24
26
28
11
29
12
30
10
18
29
13
6
24
25
10
11
13
21
22
10
27
3
12
13
1
28
4
12
22
10
1
16
27
28
18
25
1
17
5
18
15
9
16
9
3
17
11
7
7
25
17
3
19
20
7
11
18
11
22
1
12
14
8
8
3
17
25
26
3
21
13
10
21
20
10
15
6
12
21
4
28
29
29
17
11
5
27
28
7
11
20
18
16
20
18
19
6
4
14
9
24
18
10
14
8
19
28
5
22
10
1
20
9
29
6
19
25
24
8
2
4
19
11
20
8
20
30
14
23
5
14
8
22
23
13
21
3
2
18
16
12
18
5
12
8
2
22
2
18
21
25
21
9
6
2
17
17
23
22
10
27
5
9
11
19
22
1
13
23
10
28
26
27
25
7
4
18
20
28
5
10
22
18
11
27
11
19
6
4
10
15
22
6
15
2
16
6
25
20
29
4
9
16
23
3
23
18
21
4
15
17
14
7
4
24
25
15
4
30
18
13
6
9
10
21
3
25
18
27
6
8
22
14
24
14
9
16
2
21
19
8
7
24
6
11
9
1
25
12
22
4
16
20
4
25
2
6
11
19
24
16
27
16
30
20
21
8
27
14
28
7
22
26
1
27
6
1
19
22
13
3
17
20
22
21
15
23
18
25
11
4
3
29
11
24
18
1
1
14
15
20
13
28
15
13
16
13
5
5
4
9
7
21
29
20
3
13
4
12
29
14
15
23
13
25
16
22
18
16
28
2
27
10
29
12
14
14
24
18
10
19
27
8
1
25
19
25
29
22
7
19
6
13
12
10
30
27
1
17
5
20
10
1
29
30
4
12
5
19
30
7
8
18
14
8
12
3
3
2
16
1
20
21
5
1
22
4
28
15
12
2
4
21
24
3
12
28
6
17
16
5
23
23
22
28
23
25
22
17
26
8
9
16
20
13
8
4
17
5
18
20
28
13
3
22
7
14
11
13
22
26
17
6
11
1
4
25
17
17
11
13
16
19
20
6
1
27
1
9
24
18
29
13
22
1
26
29
6
6
11
28
24
19
3
4
11
28
28
28
7
30
2
22
10
21
19
10
9
19
11
24
28
1
7
20
23
2
18
28
30
28
17
23
8
12
26
19
9
15
16
7
6
17
29
15
29
9
24
29
28
26
23
25
26
21
6
18
14
23
8
13
12
