4.95684 0.0328761 0.0572207
-7.03799 6.08592 0.907053
3.44296 -8.18381 0.676806
5.18906 -7.65445 0.892582
9.25632 -4.52013 0.370359
-1.40993 1.67915 0.337674
-1.79346 -5.02865 0.334239
4.04339 0.948337 0.276737
9.90386 -1.38865 0.639418
6.73658 -5.88027 0.72639
-6.6215 5.59584 0.492906
7.54791 -1.40021 0.0293731
-8.81579 8.84546 0.859834
9.58213 -3.01837 0.600382
-7.45602 6.21831 0.84213
6.89311 -0.399739 0.630893
5.22923 -7.27756 0.740772
-0.601701 5.89871 0.850037
-2.92811 4.44762 0.321474
-0.462664 7.02126 0.506975
6.88035 7.10663 0.726395
6.057 4.57768 0.0633009
-9.61665 -4.19322 0.210468
2.85291 -5.54937 0.960711
7.25747 -9.94743 0.813988
-2.14261 -4.80194 0.262288
9.94566 -4.65212 0.000219151
8.08295 6.94447 0.0993868
1.90229 -1.14343 0.363203
-0.389372 -6.28761 0.961568
9.48138 7.60722 0.732536
-8.47083 -4.11936 0.918479
3.43134 -9.75052 0.338661
7.32275 0.554618 0.226331
-5.61454 -0.387794 0.60936
6.06552 6.80483 0.837862
-3.18353 -9.77836 0.386074
-0.883294 7.84415 0.00148611
5.55041 9.15805 0.0718121
6.80426 -8.9798 0.0635704
1.2381 5.36044 0.488974
-2.10905 8.40192 0.486675
-8.94983 -1.55461 0.820494
1.88339 0.41011 0.121496
6.88017 -1.60117 0.480577
-7.50519 -8.92354 0.334771
5.46127 4.17101 0.660476
8.36405 -1.55626 0.344783
5.3725 4.60834 0.467014
-5.73025 5.87194 0.110538
