5.64075 5.42416 0.000760424
7.97667 7.50424 0.00171384
-8.68303 -7.00435 0.022688
0.888885 -1.51634 0.0344117
9.2196 5.59237 0.0398297
6.4829 -3.82311 0.0980754
-4.29398 9.74263 0.104827
8.58051 6.18827 0.1471
6.83665 -4.79401 0.211737
6.16661 8.43228 0.245535
7.00261 2.00188 0.277268
1.052 7.09872 0.373908
-2.90188 4.53929 0.379668
4.96648 -8.87116 0.49244
6.23539 6.21956 0.616658
-4.99334 8.63249 0.662792
9.27738 -7.71434 0.671779
7.33833 -4.99909 0.677413
-6.2246 2.73962 0.721762
8.38194 -4.75392 0.874732
9.11571 1.22429 0.875214
2.8241 -5.295 0.890421
9.15207 -2.33634 0.917692
-8.97186 -2.84863 0.918481
-5.43418 -3.12177 0.961958
3.6901 -5.07211 0.962034
-3.89115 4.92171 0.962047
-4.31238 -4.56429 0.962052
3.26474 0.532475 0.962076
-2.5768 -1.49362 0.965038
-2.57051 -1.51313 0.966398
2.51072 -2.11628 0.969502
-0.973647 -2.84749 0.973794
-1.22392 -3.02722 0.97439
2.85473 -1.57372 0.975732
-2.69439 1.36731 0.976722
-2.79423 -1.16022 0.977641
3.06777 1.02831 0.980934
0.545074 2.99237 0.980961
2.12893 -2.43059 0.981758
-0.183499 3.21771 0.983185
3.20427 0.336534 0.983357
3.04109 0.409314 0.98539
-2.06308 2.43367 0.987561
-3.0746 0.842161 0.987823
3.0268 -0.989438 0.988147
-0.568759 -3.0477 0.988793
-3.16774 0.143529 0.989189
-2.8865 -1.15445 0.989363
1.88414 -2.54108 0.989622
