-0.422315 -6.17434 0.954551
1.41807 8.31475 0.28109
7.35008 0.834251 0.184386
-0.00729263 -7.70829 0.0198921
6.24208 -6.47154 0.762011
-0.360706 -1.57453 0.00197556
0.496065 -9.10996 0.841847
-8.93911 -3.52329 0.884963
-3.24595 -1.9979 0.605634
-6.31466 -3.89713 0.167283
5.3557 -6.94992 0.587845
-1.18616 -3.27851 0.875054
-9.77397 -0.163044 0.805128
-2.04892 -2.97197 0.786093
8.1761 -9.59371 0.861604
-3.03925 4.42796 0.363731
9.91049 2.20018 0.506109
0.98921 -7.59506 0.0353824
4.14812 -5.45131 0.679716
6.09233 4.58416 0.0489554
-2.61487 0.857843 0.849302
-0.266656 -0.331983 0.829229
-0.744132 -1.40756 0.000455009
-4.17644 -0.710425 0.20624
-3.52485 4.22929 0.492856
-0.700286 3.36424 0.904921
-9.1692 2.85337 0.886823
-1.01248 -4.52099 0.00616151
-3.50281 3.95707 0.285337
4.34574 1.77604 0.000307773
5.44231 6.16884 0.123998
7.71703 -7.08027 0.224527
-3.77735 4.94043 0.958806
5.42488 -9.77691 0.0302501
-8.6951 -4.53082 0.786799
-7.17702 -1.20322 0.282447
-5.16638 5.07275 0.314974
3.07234 3.07622 0.124852
-7.25402 -5.35681 0.779725
-8.64344 -9.56809 0.768606
7.8526 3.32851 0.36395
1.62282 -0.633358 0.0289497
5.07157 -7.86075 0.915033
9.07157 -9.03937 0.810555
2.3073 -7.74185 0.0464739
-5.08625 -8.38056 0.787765
6.9671 2.92466 0.0815056
-3.60484 1.46813 0.526652
5.01064 9.15715 0.252153
2.91553 5.82768 0.908074
