-3.78824 -2.80026 2.27919e-06
1.29222 0.889543 4.01033e-06
7.73447 -1.37831 5.15435e-06
9.87381 -4.83087 9.86971e-06
5.83625 -5.24681 3.3911e-05
7.79387 -0.917009 3.80474e-05
6.93151 -8.46686 0.00253347
9.70906 -5.27553 0.00261367
-2.85043 -3.82021 0.00285429
3.36302 -7.22807 0.0130647
-1.051 4.44516 0.0203602
-3.7557 -7.07003 0.0214557
1.90225 4.11671 0.0305234
-1.58759 4.76226 0.0893769
-0.00905693 -1.24637 0.101434
7.23546 -3.91716 0.124871
1.63881 1.17978 0.18726
-5.45825 -4.95907 0.201755
-5.85642 4.42747 0.227999
6.0666 -9.82191 0.240161
1.0713 -8.36877 0.283015
0.487509 -5.96415 0.318674
4.10413 9.47554 0.347949
-9.5344 -9.46331 0.354627
-4.51611 -7.23188 0.361466
-8.4056 5.85058 0.424421
-4.29589 -7.44678 0.426217
8.25142 2.51455 0.452975
7.53882 -6.87641 0.458573
-8.36451 2.4592 0.537923
-4.99091 -2.58271 0.601586
-7.00087 -7.19474 0.606923
-5.31442 4.35259 0.662724
7.58085 -9.37141 0.663091
-8.85167 -8.20161 0.6729
1.6634 8.72495 0.679679
6.62671 7.40121 0.693599
-1.88313 -5.41589 0.704313
-0.633315 2.49425 0.705766
-3.43457 -8.22761 0.706328
-3.2141 6.01351 0.706871
-0.585621 1.72804 0.759995
-3.53821 -9.18507 0.761303
5.56871 7.97046 0.834696
4.84384 3.39324 0.840471
9.18667 0.361868 0.873734
3.13708 -8.6796 0.88668
6.9605 -6.36799 0.918196
-2.15713 5.72335 0.937361
-5.71287 -2.87847 0.948279
